-9223372036841468790
-9223372036832167554
-9223372036812651267
-9223372036810258072
-9223372036790089513
-9223372036783644039
-9223372036758508206
-9223372036756536634
-9223372036753638622
-9223372036750049173
-9223372036733105858
-9223372036731055554
-9223372036727181534
-9223372036723490219
-9223372036691122644
-9223372036689382698
-9223372036683060547
-9223372036674812924
-9223372036674132763
-9223372036670588940
-9223372036670488307
-9223372036662060236
-9223372036656289084
-9223372036653934235
-9223372036653781360
-9223372036651607361
-9223372036650016397
-9223372036633190904
-9223372036631068574
-9223372036624293628
-9223372036623591199
-9223372036614595995
-9223372036586914978
-9223372036582292593
-9223372036579310754
-9223372036577278025
-9223372036570132622
-9223372036569886417
-9223372036566697464
-9223372036551858882
-9223372036545525651
-9223372036541145652
-9223372036537332980
-9223372036534492401
-9223372036521437602
-9223372036514617812
-9223372036513086417
-9223372036510485597
-9223372036502998674
-9223372036501447346
-9223372036494857815
-9223372036490966682
-9223372036481836418
-9223372036479476689
-9223372036476828818
-9223372036472330378
-9223372036470236600
-9223372036469888648
-9223372036453522087
-9223372036452560283
-9223372036452292348
-9223372036449653964
-9223372036444644337
-9223372036437569781
-9223372036427873593
-9223372036423394028
-9223372036422698540
-9223372036421525376
-9223372036420239196
-9223372036418467712
-9223372036418144064
-9223372036411371228
-9223372036411050616
-9223372036407894665
-9223372036404839268
-9223372036402739928
-9223372036392834171
-9223372036391946920
-9223372036388035727
-9223372036385378048
-9223372036385117552
-- 
13307018
22608254
42124541
44517736
64686295
71131769
96267602
98239174
101137186
104726635
121669950
123720254
127594274
131285589
163653164
165393110
171715261
179962884
180643045
184186868
184287501
192715572
198486724
200841573
200994448
203168447
204759411
221584904
223707234
230482180
231184609
240179813
267860830
272483215
275465054
277497783
284643186
284889391
288078344
302916926
309250157
313630156
317442828
320283407
333338206
340157996
341689391
344290211
351777134
353328462
359917993
363809126
372939390
375299119
377946990
382445430
384539208
384887160
401253721
402215525
402483460
405121844
410131471
417206027
426902215
431381780
432077268
433250432
434536612
436308096
436631744
443404580
443725192
446881143
449936540
452035880
461941637
462828888
466740081
469397760
469658256
--
150558281791318
150558299642878
150558315702134
150558316457842
150558320323001
150558327247415
--
150558299645091
150558299646248
150558299649587
150558299650094x
150558299651910x
150558299651992x
150558299652047x
150558299652554
150558299654370
150558299654873
150558299655534
150558299656146
150558299657983
150558299658537
150558299658851
150558299659849
--
F3+F4
/function guntama:give_items
/setblock ~ ~ ~ minecraft:nether_portal
/function guntama:set_air
/gamemode creative
--
// なお151620147869450から検索しました
(-80, -80), (16, 16)で遺跡が4つあるシード
151628506648155
151635733914360
--
